f_tree 0.996195 0.0 0.0871557 195.396 0.0 1.0 0.0 -80.9827 -0.0871557 0.0 0.996195 -140.582 0.0 0.0 0.0 1.0
f_tree -0.0871557 0.0 -0.996195 268.206 0.0 1.0 0.0 -80.9827 0.996195 0.0 -0.0871557 -126.112 0.0 0.0 0.0 1.0
f_tree 0.707107 0.0 -0.707107 134.053 0.0 1.0 0.0 -80.9827 0.707107 0.0 0.707107 -150.039 0.0 0.0 0.0 1.0
f_tree -0.766044 0.0 -0.642788 272.286 0.0 1.0 0.0 -80.9827 0.642788 0.0 -0.766044 -8.08358 0.0 0.0 0.0 1.0
f_tree 0.258819 0.0 0.965926 231.59 0.0 1.0 0.0 -80.9827 -0.965926 0.0 0.258819 62.605 0.0 0.0 0.0 1.0
f_tree -0.866025 0.0 0.5 296.299 0.0 1.0 0.0 -80.9827 -0.5 0.0 -0.866025 -60.7623 0.0 0.0 0.0 1.0
terrain 1.0 0.0 0.0 4.12204 0.0 1.0 0.0 -247.912 0.0 0.0 1.0 -4.21203 0.0 0.0 0.0 1.0