light -15.0 11 -5.0
sound James_Edwards-A_Merry_Christmas
terrain 0 50.0 1.0 0.0 0.0 0.0 0.0 1.0 0.0 290.0 0.0 0.0 1.0 0.0 0.0 0.0 0.0 1.0
skybox 0 50.0 1.0 0.0 0.0 0.0 0.0 1.0 0.0 290.0 0.0 0.0 1.0 0.0 0.0 0.0 0.0 1.0
sapin 0 1.5 1.0 0.0 0.0 74.7683 0.0 1.0 0.0 1.51265 0.0 0.0 1.0 -119.864 0.0 0.0 0.0 1.0
sapin 0 1.5 1.0 0.0 0.0 -319.657 0.0 1.0 0.0 248.713 0.0 0.0 1.0 763.394 0.0 0.0 0.0 1.0
sapin 0 1.5 1.0 0.0 0.0 -976.726 0.0 1.0 0.0 -2.43158 0.0 0.0 1.0 -129.295 0.0 0.0 0.0 1.0
sapin 0 1.5 1.0 0.0 0.0 -792.553 0.0 1.0 0.0 -27.8247 0.0 0.0 1.0 259.644 0.0 0.0 0.0 1.0
sapin 0 1.5 1.0 0.0 0.0 897.676 0.0 1.0 0.0 4.45844 0.0 0.0 1.0 -761.424 0.0 0.0 0.0 1.0
sapin 0 1.5 1.0 0.0 0.0 1088.68 0.0 1.0 0.0 2.25165 0.0 0.0 1.0 -886.783 0.0 0.0 0.0 1.0
sapin 0 1.5 1.0 0.0 0.0 1117.8 0.0 1.0 0.0 2.25165 0.0 0.0 1.0 -123.64 0.0 0.0 0.0 1.0
sapin 0 1.5 1.0 0.0 0.0 1538.92 0.0 1.0 0.0 3.99608 0.0 0.0 1.0 -90.8425 0.0 0.0 0.0 1.0
sapin 0 1.5 1.0 0.0 0.0 1304.89 0.0 1.0 0.0 0.280891 0.0 0.0 1.0 -205.157 0.0 0.0 0.0 1.0
sapin 0 1.5 1.0 0.0 0.0 1171.6 0.0 1.0 0.0 -19.706 0.0 0.0 1.0 472.377 0.0 0.0 0.0 1.0
sapin 0 1.5 1.0 0.0 0.0 -153.37 0.0 1.0 0.0 251.009 0.0 0.0 1.0 377.78 0.0 0.0 0.0 1.0
sapin 0 1.5 1.0 0.0 0.0 -931.289 0.0 1.0 0.0 133.072 0.0 0.0 1.0 1610.24 0.0 0.0 0.0 1.0
sapin 0 1.5 1.0 0.0 0.0 -793.778 0.0 1.0 0.0 140.665 0.0 0.0 1.0 1504.41 0.0 0.0 0.0 1.0
sapin 0 1.5 1.0 0.0 0.0 -2172.93 0.0 1.0 0.0 2.69182 0.0 0.0 1.0 1912.74 0.0 0.0 0.0 1.0
sapin 0 1.5 1.0 0.0 0.0 -1488.01 0.0 1.0 0.0 132.519 0.0 0.0 1.0 -463.603 0.0 0.0 0.0 1.0
sapin 0 1.5 1.0 0.0 0.0 -1541.75 0.0 1.0 0.0 164.44 0.0 0.0 1.0 -179.239 0.0 0.0 0.0 1.0
sapin 0 1.5 1.0 0.0 0.0 -843.493 0.0 1.0 0.0 11.0254 0.0 0.0 1.0 -143.057 0.0 0.0 0.0 1.0
sapin 0 1.5 1.0 0.0 0.0 1018.19 0.0 1.0 0.0 3.27677 0.0 0.0 1.0 -264.285 0.0 0.0 0.0 1.0
sapin 0 1.5 1.0 0.0 0.0 1209.19 0.0 1.0 0.0 2.2397 0.0 0.0 1.0 -389.644 0.0 0.0 0.0 1.0
sapin 0 1.5 1.0 0.0 0.0 1425.04 0.0 1.0 0.0 2.81673 0.0 0.0 1.0 -991.815 0.0 0.0 0.0 1.0
sapin 0 1.5 1.0 0.0 0.0 1291.75 0.0 1.0 0.0 -3.3004 0.0 0.0 1.0 -314.281 0.0 0.0 0.0 1.0
sapin 0 1.5 1.0 0.0 0.0 1138.33 0.0 1.0 0.0 5.81261 0.0 0.0 1.0 -1050.94 0.0 0.0 0.0 1.0
sapin 0 1.5 1.0 0.0 0.0 -1163.31 0.0 1.0 0.0 175.66 0.0 0.0 1.0 -605.587 0.0 0.0 0.0 1.0
sapin 0 1.5 1.0 0.0 0.0 -732.317 0.0 1.0 0.0 184.13 0.0 0.0 1.0 810.802 0.0 0.0 0.0 1.0
sapin 0 1.5 1.0 0.0 0.0 -719.174 0.0 1.0 0.0 171.116 0.0 0.0 1.0 919.926 0.0 0.0 0.0 1.0
sapin 0 1.5 1.0 0.0 0.0 -814.873 0.0 1.0 0.0 197.272 0.0 0.0 1.0 735.439 0.0 0.0 0.0 1.0
sapin 0 1.5 1.0 0.0 0.0 -906.266 0.0 1.0 0.0 183.55 0.0 0.0 1.0 1001.44 0.0 0.0 0.0 1.0
sapin 0 1.5 1.0 0.0 0.0 -2192.56 0.0 1.0 0.0 22.492 0.0 0.0 1.0 813.277 0.0 0.0 0.0 1.0
barriere 0 1.5 0.267648 0.0 -0.963517 -551.831 0.0 1.0 0.0 -35.4542 0.963517 0.0 0.267648 -150.569 0.0 0.0 0.0 1.0
barriere 0 1.5 -0.143067 0.0 0.989713 1063.85 0.0 1.0 0.0 -36.3147 -0.989713 0.0 -0.143067 -776.243 0.0 0.0 0.0 1.0
barriere 0 1.5 -0.997594 0.0 0.0693259 1394.71 0.0 1.0 0.0 -35.1567 -0.0693259 0.0 -0.997594 -136.62 0.0 0.0 0.0 1.0
barriere 0 1.5 0.0741103 0.0 -0.99725 1275.27 0.0 1.0 0.0 -35.5287 0.99725 0.0 0.0741103 -20.1486 0.0 0.0 0.0 1.0
barriere 0 1.5 0.151433 0.0 -0.988468 -234.634 0.0 1.0 0.0 -38.1342 0.988468 0.0 0.151433 -17.3812 0.0 0.0 0.0 1.0
barriere 0 1.5 -0.489431 0.0 0.872042 650.699 0.0 1.0 0.0 -36.0409 -0.872042 0.0 -0.489431 -583.899 0.0 0.0 0.0 1.0
snowman2 0 1.0 0.283722 0.0 0.958907 641.804 0.0 1.0 0.0 -15.6859 -0.958907 0.0 0.283722 -506.587 0.0 0.0 0.0 1.0
chalet settings/splinesOBJ/spline_chalet 5.0 0.382094 0.0 -0.924123 1010.06 0.0 1.0 0.0 -13.3926 0.924123 0.0 0.382094 -531.699 0.0 0.0 0.0 1.0
sapin 0 1.5 1.0 0.0 0.0 808.58 0.0 1.0 0.0 1.91489 0.0 0.0 1.0 -637.986 0.0 0.0 0.0 1.0
sapin 0 1.5 1.0 0.0 0.0 817.934 0.0 1.0 0.0 0.683327 0.0 0.0 1.0 -202.048 0.0 0.0 0.0 1.0