terrain 5.0 1.0 0.0 0.0 0.0 0.0 1.0 0.0 0.0 0.0 0.0 1.0 0.0 0.0 0.0 0.0 1.0
sapin 1.0 1.0 0.0 0.0 74.7683 0.0 1.0 0.0 -14.284 0.0 0.0 1.0 -119.864 0.0 0.0 0.0 1.0
sapin 1.0 1.0 0.0 0.0 -319.657 0.0 1.0 0.0 232.916 0.0 0.0 1.0 763.394 0.0 0.0 0.0 1.0
sapin 1.0 1.0 0.0 0.0 -976.726 0.0 1.0 0.0 -18.2282 0.0 0.0 1.0 -129.295 0.0 0.0 0.0 1.0
sapin 1.0 1.0 0.0 0.0 -792.553 0.0 1.0 0.0 -43.6214 0.0 0.0 1.0 259.644 0.0 0.0 0.0 1.0
sapin 1.0 1.0 0.0 0.0 897.676 0.0 1.0 0.0 -11.3382 0.0 0.0 1.0 -761.424 0.0 0.0 0.0 1.0
sapin 1.0 1.0 0.0 0.0 1088.68 0.0 1.0 0.0 -13.545 0.0 0.0 1.0 -886.783 0.0 0.0 0.0 1.0
sapin 1.0 1.0 0.0 0.0 1117.8 0.0 1.0 0.0 -13.545 0.0 0.0 1.0 -123.64 0.0 0.0 0.0 1.0
sapin 1.0 1.0 0.0 0.0 1538.92 0.0 1.0 0.0 -11.8006 0.0 0.0 1.0 -90.8425 0.0 0.0 0.0 1.0
sapin 1.0 1.0 0.0 0.0 1304.89 0.0 1.0 0.0 -15.5158 0.0 0.0 1.0 -205.157 0.0 0.0 0.0 1.0
sapin 1.0 1.0 0.0 0.0 1171.6 0.0 1.0 0.0 -35.5026 0.0 0.0 1.0 472.377 0.0 0.0 0.0 1.0
sapin 1.0 1.0 0.0 0.0 -153.37 0.0 1.0 0.0 235.213 0.0 0.0 1.0 377.78 0.0 0.0 0.0 1.0
sapin 1.0 1.0 0.0 0.0 -1322.58 0.0 1.0 0.0 242.991 0.0 0.0 1.0 1202.31 0.0 0.0 0.0 1.0
sapin 1.0 1.0 0.0 0.0 -2052.05 0.0 1.0 0.0 36.6904 0.0 0.0 1.0 1792.44 0.0 0.0 0.0 1.0
sapin 1.0 1.0 0.0 0.0 -1784.77 0.0 1.0 0.0 -125.004 0.0 0.0 1.0 1610.24 0.0 0.0 0.0 1.0
sapin 1.0 1.0 0.0 0.0 -931.289 0.0 1.0 0.0 117.276 0.0 0.0 1.0 1610.24 0.0 0.0 0.0 1.0
sapin 1.0 1.0 0.0 0.0 -793.778 0.0 1.0 0.0 124.868 0.0 0.0 1.0 1504.41 0.0 0.0 0.0 1.0
sapin 1.0 1.0 0.0 0.0 -1491.55 0.0 1.0 0.0 -112.238 0.0 0.0 1.0 2400.14 0.0 0.0 0.0 1.0
sapin 1.0 1.0 0.0 0.0 -2172.93 0.0 1.0 0.0 -13.1048 0.0 0.0 1.0 1912.74 0.0 0.0 0.0 1.0
sapin 1.0 1.0 0.0 0.0 -1488.01 0.0 1.0 0.0 116.723 0.0 0.0 1.0 -463.603 0.0 0.0 0.0 1.0
sapin 1.0 1.0 0.0 0.0 -1541.75 0.0 1.0 0.0 148.644 0.0 0.0 1.0 -179.239 0.0 0.0 0.0 1.0
sapin 1.0 1.0 0.0 0.0 -843.493 0.0 1.0 0.0 -4.77126 0.0 0.0 1.0 -143.057 0.0 0.0 0.0 1.0
sapin 1.0 1.0 0.0 0.0 1018.19 0.0 1.0 0.0 -12.5199 0.0 0.0 1.0 -264.285 0.0 0.0 0.0 1.0
sapin 1.0 1.0 0.0 0.0 1209.19 0.0 1.0 0.0 -13.5569 0.0 0.0 1.0 -389.644 0.0 0.0 0.0 1.0
sapin 1.0 1.0 0.0 0.0 1425.04 0.0 1.0 0.0 -12.9799 0.0 0.0 1.0 -991.815 0.0 0.0 0.0 1.0
sapin 1.0 1.0 0.0 0.0 1291.75 0.0 1.0 0.0 -19.097 0.0 0.0 1.0 -314.281 0.0 0.0 0.0 1.0
sapin 1.0 1.0 0.0 0.0 1138.33 0.0 1.0 0.0 -9.98403 0.0 0.0 1.0 -1050.94 0.0 0.0 0.0 1.0
sapin 1.0 1.0 0.0 0.0 -1163.31 0.0 1.0 0.0 159.864 0.0 0.0 1.0 -605.587 0.0 0.0 0.0 1.0
sapin 1.0 1.0 0.0 0.0 -732.317 0.0 1.0 0.0 168.334 0.0 0.0 1.0 810.802 0.0 0.0 0.0 1.0
sapin 1.0 1.0 0.0 0.0 -719.174 0.0 1.0 0.0 155.319 0.0 0.0 1.0 919.926 0.0 0.0 0.0 1.0
sapin 1.0 1.0 0.0 0.0 -814.873 0.0 1.0 0.0 181.475 0.0 0.0 1.0 735.439 0.0 0.0 0.0 1.0
sapin 1.0 1.0 0.0 0.0 -906.266 0.0 1.0 0.0 167.754 0.0 0.0 1.0 1001.44 0.0 0.0 0.0 1.0
sapin 1.0 1.0 0.0 0.0 -2192.56 0.0 1.0 0.0 6.69535 0.0 0.0 1.0 813.277 0.0 0.0 0.0 1.0
barriere 1.0 0.267648 0.0 -0.963517 -551.831 0.0 1.0 0.0 -13.0585 0.963517 0.0 0.267648 -150.569 0.0 0.0 0.0 1.0
barriere 1.0 -0.143067 0.0 0.989713 1063.85 0.0 1.0 0.0 -13.9189 -0.989713 0.0 -0.143067 -776.243 0.0 0.0 0.0 1.0
barriere 1.0 -0.997594 0.0 0.0693259 1394.71 0.0 1.0 0.0 -12.7609 -0.0693259 0.0 -0.997594 -136.62 0.0 0.0 0.0 1.0
barriere 1.0 0.0741103 0.0 -0.99725 1275.27 0.0 1.0 0.0 -13.133 0.99725 0.0 0.0741103 -20.1486 0.0 0.0 0.0 1.0
barriere 1.0 0.151433 0.0 -0.988468 -234.634 0.0 1.0 0.0 -15.7385 0.988468 0.0 0.151433 -17.3812 0.0 0.0 0.0 1.0
barriere 1.0 -0.489431 0.0 0.872042 650.699 0.0 1.0 0.0 -13.6452 -0.872042 0.0 -0.489431 -583.899 0.0 0.0 0.0 1.0
snowman2 1.0 0.283722 0.0 0.958907 641.804 0.0 1.0 0.0 -15.6859 -0.958907 0.0 0.283722 -506.587 0.0 0.0 0.0 1.0
chalet 10.0 0.382094 0.0 -0.924123 1010.06 0.0 1.0 0.0 -13.3926 0.924123 0.0 0.382094 -531.699 0.0 0.0 0.0 1.0
sapin 1.0 1.0 0.0 0.0 808.58 0.0 1.0 0.0 -13.8818 0.0 0.0 1.0 -637.986 0.0 0.0 0.0 1.0
sapin 1.0 1.0 0.0 0.0 817.934 0.0 1.0 0.0 -15.1133 0.0 0.0 1.0 -202.048 0.0 0.0 0.0 1.0